#1 position_satellite_r
#2 position_satellite_phi
#3 position_satellite_theta
#4 position_satellite_x
#5 position_satellite_y
#6 position_satellite_z
#7 gravity_x
#8 gravity_y
#9 gravity_z
#10 gravity_norm
#11 gravity_theory
#12 gravity_diff (theoric-norm)
#13 potential

6.371e+06 230 30 4.95835e+06 3.87797e+06 982736 8.0097 5.88048 1.53983 10.0552 10.2659 0.210706 -6.48861e+07
6.371e+06 230 35 2.1488e+06 1.68059e+06 -5.75742e+06 3.2261 2.44658 -9.20355 10.0548 10.2659 0.211084 -6.48828e+07
6.371e+06 230 40 -3.73928e+06 -2.92453e+06 -4.24906e+06 -6.11465 -4.60922 -6.56 10.083 10.2659 0.182847 -6.48887e+07
6.371e+06 230 45 -4.27018e+06 -3.33975e+06 3.34683e+06 -6.76483 -5.16009 5.17126 9.95647 10.2659 0.309402 -6.48745e+07
6.371e+06 230 50 1.3167e+06 1.02981e+06 6.1478e+06 2.052 1.39228 9.97122 10.2749 10.2659 -0.00906477 -6.48967e+07
6.371e+06 230 55 5.01718e+06 3.92398e+06 140970 8.12835 5.92951 0.3092 10.066 10.2659 0.199857 -6.48858e+07
6.371e+06 235 30 5.12518e+06 -3.65465e+06 982736 8.38251 -6.29608 1.6424 10.6115 10.2659 -0.345653 -6.49101e+07
6.371e+06 235 35 2.22109e+06 -1.58381e+06 -5.75742e+06 3.38906 -2.32916 -9.0736 9.96197 10.2659 0.303901 -6.48719e+07
6.371e+06 235 40 -3.86509e+06 2.75611e+06 -4.24906e+06 -5.99944 4.27619 -6.70763 9.9635 10.2659 0.302373 -6.48733e+07
6.371e+06 235 45 -4.41386e+06 3.14742e+06 3.34683e+06 -6.86669 4.94548 5.37801 10.0266 10.2659 0.239303 -6.48807e+07
6.371e+06 235 50 1.36101e+06 -970503 6.1478e+06 2.19065 -1.30554 9.76685 10.0943 10.2659 0.171584 -6.48814e+07
6.371e+06 235 55 5.18599e+06 -3.69801e+06 140970 8.35903 -6.38833 0.40314 10.5284 10.2659 -0.262501 -6.49045e+07
6.371e+06 240 30 -2.05071e+06 -5.95134e+06 982736 -3.33865 -9.24921 1.44138 9.93841 10.2659 0.327462 -6.48685e+07
6.371e+06 240 35 -888716 -2.57913e+06 -5.75742e+06 -1.27376 -4.11503 -9.02574 10.001 10.2659 0.264883 -6.48744e+07
6.371e+06 240 40 1.54652e+06 4.48814e+06 -4.24906e+06 2.97029 7.5253 -6.70384 10.5069 10.2659 -0.240992 -6.49127e+07
6.371e+06 240 45 1.7661e+06 5.12536e+06 3.34683e+06 3.24567 8.16206 5.3495 10.2845 10.2659 -0.0186205 -6.49034e+07
6.371e+06 240 50 -544573 -1.5804e+06 6.1478e+06 -0.733651 -2.53103 9.65188 10.0052 10.2659 0.260719 -6.48807e+07
6.371e+06 240 55 -2.07504e+06 -6.02196e+06 140970 -3.37003 -9.36408 0.277216 9.9559 10.2659 0.309974 -6.48721e+07
6.371e+06 245 30 -6.28859e+06 278307 982736 -9.81344 0.537587 1.42496 9.93091 10.2659 0.334961 -6.48639e+07
6.371e+06 245 35 -2.72528e+06 120610 -5.75742e+06 -4.39988 0.23023 -8.96018 9.98483 10.2659 0.281045 -6.48726e+07
6.371e+06 245 40 4.74247e+06 -209882 -4.24906e+06 7.35868 -0.359026 -6.61706 9.90275 10.2659 0.363122 -6.4864e+07
6.371e+06 245 45 5.41581e+06 -239681 3.34683e+06 8.57628 -0.516611 5.11446 9.99886 10.2659 0.267013 -6.48721e+07
6.371e+06 245 50 -1.66996e+06 73905.3 6.1478e+06 -2.3884 0.130628 9.72787 10.0176 10.2659 0.248237 -6.48817e+07
6.371e+06 245 55 -6.36321e+06 281609 140970 -10.0199 0.669509 0.283745 10.0463 10.2659 0.219618 -6.48773e+07
6.371e+06 250 30 -1.51696e+06 6.10923e+06 982736 -2.47963 9.52917 1.42047 9.94844 10.2659 0.317435 -6.48657e+07
6.371e+06 250 35 -657404 2.64755e+06 -5.75742e+06 -1.37028 4.63864 -9.17801 10.3745 10.2659 -0.108638 -6.49071e+07
6.371e+06 250 40 1.144e+06 -4.60721e+06 -4.24906e+06 1.89457 -7.38353 -6.52657 10.035 10.2659 0.23083 -6.48769e+07
6.371e+06 250 45 1.30642e+06 -5.26134e+06 3.34683e+06 2.38764 -8.53586 5.21686 10.2848 10.2659 -0.0189372 -6.48919e+07
6.371e+06 250 50 -402834 1.62233e+06 6.1478e+06 -0.534726 2.45429 9.56702 9.89128 10.2659 0.374596 -6.48633e+07
6.371e+06 250 55 -1.53496e+06 6.18172e+06 140970 -2.58654 9.67235 0.281787 10.0162 10.2659 0.249691 -6.48745e+07
6.371e+06 255 30 5.42799e+06 3.18761e+06 982736 8.42614 5.09444 1.4675 9.95524 10.2659 0.310638 -6.48719e+07
6.371e+06 255 35 2.35232e+06 1.38141e+06 -5.75742e+06 3.89596 2.48744 -9.22407 10.3174 10.2659 -0.0515556 -6.48996e+07
6.371e+06 255 40 -4.09346e+06 -2.4039e+06 -4.24906e+06 -7.23869 -3.84062 -7.47502 11.0917 10.2659 -0.825783 -6.49365e+07
6.371e+06 255 45 -4.67464e+06 -2.7452e+06 3.34683e+06 -7.3277 -4.75589 5.36058 10.2494 10.2659 0.0165083 -6.49012e+07
6.371e+06 255 50 1.44142e+06 846479 6.1478e+06 2.33366 1.43724 9.55912 9.94426 10.2659 0.321614 -6.48692e+07
6.371e+06 255 55 5.49239e+06 3.22543e+06 140970 8.52293 5.09943 0.270808 9.93568 10.2659 0.330194 -6.48693e+07
